01001000000111001000000100100000000010101010010001100011010001111
00100011000011111000011001110110000000111111101100001000000011111
11110100001110101000101111101101110000101110101000110001101001111
01110010111000111000001000101011011110100001110101000001101110100
10011110000010010001101110101100010110100010111000010001010110001
11010001000010111011101110100011011000001111101000111100010111111
01111100100011011101101010101000011111010000010000001111101001000
00010111110011010001011100100000101111001010111111101010000101001
00101100111111001000101110010100011011111110100101000111010100001
01110111011011010011111111101000011011010100000011110111101110001
11101001110011011100011110111000110001001110101011111001001111001
11000001001011110100011110001100011000010011011001001000011011001
01011010100000010010001110110011100101100011011000101010111110111
00000111110111100010100010010001100010101110001011110111100100101
10010001101100100011111111001111111011000011101000100100000001100
10110010110001100110111111011011001010011011001010000111001011001
10011010110000010110101010111100111111010011100001110000100011010
00010010000010001101010111101010011101010101100101111001100101000
01111001011001001000001111111000110000101110110110110000001010110
01110111000100010110000001111101101001000110000101110001101010100
11110110100010100110110101101111110110101110111011001101111011100
01001100010110010100100001001001111000000011001110100100010001010
11010100010110010010111000001110101001100111110011001001010000010
00010010000000000011111011100100100110001110011101100110101001011
01110100111101010001001100110111111011010001001111011101011010000
01011001011000001101010101110001110110110111101111011100110111111
00101011011101101101001010010111001111001011000011011010111011010
00011100100101101010010111010110110111100111100000001001101101110
01011111100000010101101111011011100111001100011010101000001101001
00000110111100100011100100101110100101111010001001011011101011110
11100110100110001100101101010111101101001100000101011110000110111
10111111001000110010011111101011011101111111011010010011001111110
00101011110110001010010110011011000100100111100100010101111011100
00011111000000110100110000110111101111011010010100000001110001001
00001100101111001011110001000000001101010000101101001000011001010
01100001110110010101001100011110011110111110101010011010001110100
01101001111000000011110010011110110101011010011111101010000110101
00100111010010100111011101011111110011011101001010010110011000001
00101010001010010101000010100100100111000110111101110111111110001
11000001001010101100010111100111010010001110101111101011011010111
00010000100010110101111001110010010001011111011011000111010100010
10010100010011000000110111111101010001011110001000010000001110011
10110000111101011000000110110101100010001001011011000111010011101
10000111000000011010010101110010011111000110101001110100110010100
00011000000100011110101011000010011000011001001010110111011111110
00100010100111010111101111101001011111000011001010011011001001001
11001100110011010110110011011001011000111011010100001110010100100
11001000011111101100011101010011110111000011101010100110000000111
00010011000000000101001100110101101010100101110111001100010011011
11110010111001010111111101101111001110010000101101000100010001110
11000110100111011010000101011001001100000111100010110101111011110
10111110100011000110101101011111011001110010000000101100010101001
11110110001110001000000000110110000000011111100010000011111010101
10000011100001111110111101101001000000011100010011111100101001110
01111000011001011101000100111000110111100010000111110100100010101
00110110010101101100101111100100100101101000100101100110000010100
00110001000101000000000011001011111100000011001010010111110110111
01101010001111110010011010010111011011101111100101010000000001111
11001010001011001010110001100000011100011100011010110001011111100
00111110011010101111110010001101111001111101101000001000111101010
01110110101100110011100001011001010000010100111001010010111000001
00000111110000011110011111110100110101110010011111010001101100011
10010101000011100000010010110100100101100000011101001010000010101
01100110111110011001001001000011010101101000001111000111011100110
10110100001001000011011011010010101011000101110001000111111011000
01110101110001100101011001111101110000101010011000011011100110010
10101110011111111101111010010111101110111001111100100111111010111
01100001011110111000000011011001001001100011000000100111100000110
10110010011111011110101111000100101001100110001100000111011101011
00000100011010101101000010111100110000100010000011101011111011101
01100011000111110110000011110001001101011010110100110101111100110
01100111101110011100010100111000111001000000010101000001010010101
01011000010100010001101001110011100100110100010100011010011110011
10111111101011000010100000111111001010010011111000110011110101010
11111110000110111011110001000001101101110000110110101011001100001
10011000011111011000110111010000111001000001011001001000010100101
10111011101001011111111100011010100110111000101100100111100100010
01110100011010011010101100011011010000101010000101100010101101110
00000011000010100110111010000101011011011010000000001011011111111
00001101100101000111011110101101100010000010111011101010101101000
00101000001100011000111100010000110011110000111101011001111010111
01101111111110010000101000111110001001101111110110010111000101101
10101101001111100011111010001001010111001011010000110100010110011
01110101110001100010001010111001110100001111100101011011111110000
00111100011100101111111000001010111011100100001110000010011111111
10001110110100001010001000110011010001111000001010011011000110000
01001000000010010110001010001010001111010000001101100010101010111
01011000100010000100100001011001000101000111101000101110011001101
10101011000100011100101101011001011010010011100010001011110010000
11010110101101011000111000000001010011011101011111101110001101011
10010001011011011100010101110111011000001011100110001010010011000
01010010100011101110000111100011110100110101101001111011001101110
11011011000001111010001001000001110100011000011100111001110011111
01000011011100001100000001011100000011101111110010010110111100010
10111110110100000110101010011110110100111000101110110001111001101
11000111001011111001011000011111010010111001110001001111000001111
01001110000001000101000110110100001110010011111100101001010000010
01001000000100011001010110100011010100011100111011101011111100011
10010111111010110011111000011001001110110100101101010001000010100
01111000110111010011010101100010010000011101100011001011000000100
