Matrix: 0 

0 1 1 0 0 
1 0 0 1 0 
0 0 0 0 1 
0 1 0 1 1 
1 0 0 0 0 
0 0 0 0 1 
0 0 0 1 0 
0 0 0 0 0 
0 0 0 0 0 
0 0 0 0 1 
0 1 1 1 1 
1 0 0 1 1 
1 0 1 0 1 
___________ END ______________
Matrix: 1 

0 1 1 1 1 
0 1 1 1 0 
1 1 0 1 0 
0 1 1 1 0 
0 0 1 1 0 
0 0 0 1 0 
1 0 0 0 0 
1 0 0 1 0 
0 1 0 1 1 
0 1 0 0 1 
0 0 0 0 1 
0 0 0 0 1 
1 1 1 0 1 
___________ END ______________
Matrix: 2 

1 0 1 0 0 
1 1 0 1 0 
1 0 1 1 0 
1 1 1 1 1 
0 0 0 0 1 
1 0 1 1 0 
0 0 1 0 1 
0 1 1 1 0 
0 0 0 0 0 
0 1 0 0 1 
1 1 0 0 1 
1 1 0 1 1 
1 1 1 1 1 
___________ END ______________
Matrix: 3 

0 0 1 0 0 
1 1 0 0 0 
1 1 1 0 0 
1 1 0 0 1 
0 0 1 1 1 
0 0 1 1 0 
1 0 0 1 1 
0 0 1 0 1 
1 0 1 1 1 
1 1 1 0 0 
1 0 1 1 1 
0 0 0 0 0 
0 0 1 0 0 
___________ END ______________
Matrix: 4 

1 0 1 0 0 
0 0 0 0 0 
0 1 1 0 0 
1 0 1 1 1 
1 0 0 0 0 
1 0 0 1 1 
1 1 0 1 0 
0 1 1 1 1 
0 0 0 0 1 
0 1 1 0 0 
0 1 1 0 0 
0 1 0 0 0 
1 0 1 1 1 
___________ END ______________
Matrix: 5 

1 0 1 0 1 
1 1 0 1 1 
0 1 0 1 0 
1 1 0 1 0 
0 0 1 1 0 
0 1 1 1 1 
0 1 0 0 0 
1 1 1 1 1 
0 0 1 0 1 
0 1 0 0 1 
0 1 0 0 1 
0 1 0 1 1 
1 0 0 1 1 
___________ END ______________
Matrix: 6 

0 1 1 1 1 
1 0 0 0 1 
1 1 1 0 1 
1 1 0 0 1 
1 1 0 0 1 
1 0 0 0 0 
0 1 0 1 1 
0 1 1 0 0 
1 0 1 0 0 
0 1 1 0 1 
0 0 1 0 0 
0 1 1 0 0 
1 0 0 0 0 
___________ END ______________
Matrix: 7 

0 1 1 0 1 
0 0 0 1 0 
0 1 0 0 1 
1 0 0 1 0 
0 0 0 0 0 
1 0 0 1 0 
1 1 1 1 0 
1 0 0 1 1 
1 1 1 1 0 
1 1 1 1 1 
0 1 1 1 0 
0 0 1 1 0 
1 0 0 0 1 
___________ END ______________
Matrix: 8 

0 1 0 1 0 
0 0 1 1 1 
1 0 0 1 1 
0 1 1 1 1 
1 0 0 0 0 
1 0 0 1 1 
0 0 0 0 0 
0 1 1 0 1 
1 0 1 1 0 
1 1 0 0 0 
1 1 1 1 0 
1 1 1 0 0 
1 0 1 0 1 
___________ END ______________
Matrix: 9 

0 1 1 1 0 
1 0 0 0 1 
1 1 1 1 1 
1 0 0 0 1 
0 0 0 0 1 
1 1 0 0 0 
1 1 0 0 1 
1 1 1 0 1 
0 1 1 0 1 
1 1 0 1 0 
1 1 1 1 0 
0 1 1 1 0 
1 1 0 1 1 
___________ END ______________
Matrix: 10 

1 1 1 0 1 
1 0 1 1 0 
1 1 1 1 0 
0 1 0 1 1 
1 1 0 0 0 
0 0 0 1 0 
0 0 1 0 1 
1 0 1 1 1 
1 1 0 0 1 
1 1 0 1 1 
0 1 0 1 0 
0 1 1 1 0 
1 0 0 1 1 
Index: [0, 1, 2, 3, 4]
Rows: 

1 1 1 0 1 
1 0 1 1 0 
1 1 1 1 0 
0 1 0 1 1 
1 1 0 0 0 
0 0 0 1 0 
0 0 1 0 1 
1 0 1 1 1 
1 1 0 0 1 
1 1 0 1 1 
0 1 0 1 0 
0 1 1 1 0 
1 0 0 1 1 
-----------------------------------------------
___________ END ______________
Matrix: 11 

1 1 0 1 1 
1 1 0 0 0 
0 1 1 0 0 
0 0 1 1 0 
0 1 0 1 0 
0 0 0 0 1 
0 0 0 1 1 
1 0 1 1 0 
0 1 1 0 1 
0 1 0 0 1 
1 1 0 1 0 
0 1 0 0 0 
1 0 0 0 1 
Index: [0, 1, 2, 3, 4]
Rows: 

1 1 0 1 1 
1 1 0 0 0 
0 1 1 0 0 
0 0 1 1 0 
0 1 0 1 0 
0 0 0 0 1 
0 0 0 1 1 
1 0 1 1 0 
0 1 1 0 1 
0 1 0 0 1 
1 1 0 1 0 
0 1 0 0 0 
1 0 0 0 1 
-----------------------------------------------
___________ END ______________
Matrix: 12 

0 0 1 0 1 
1 0 1 0 0 
0 1 0 0 1 
1 0 0 1 0 
1 0 1 1 1 
0 1 1 0 1 
1 0 1 1 1 
0 0 0 1 1 
1 0 0 0 1 
0 1 1 0 0 
0 1 0 0 1 
0 1 1 1 1 
0 0 1 0 1 
___________ END ______________
Matrix: 13 

0 1 0 0 0 
0 1 1 1 1 
0 0 0 1 1 
0 0 0 1 1 
0 0 0 0 1 
1 1 1 0 0 
1 0 1 0 0 
1 1 0 1 1 
1 0 0 0 0 
1 0 0 1 0 
0 0 1 1 1 
1 1 0 1 0 
1 0 1 1 1 
___________ END ______________
Matrix: 14 

1 0 0 0 0 
0 1 0 0 1 
0 0 1 0 0 
1 0 1 1 0 
0 0 1 1 0 
0 1 1 1 0 
0 1 1 0 0 
1 1 1 1 0 
1 1 1 0 0 
0 1 0 0 1 
1 1 1 0 1 
1 1 1 1 0 
0 1 0 0 0 
___________ END ______________
Matrix: 15 

1 1 0 1 0 
0 1 1 1 1 
1 0 1 0 1 
1 0 0 1 1 
0 1 1 1 0 
0 1 1 0 0 
1 0 0 0 1 
0 1 0 1 0 
1 1 1 0 1 
1 1 0 1 1 
0 1 1 0 0 
0 1 0 0 0 
0 1 0 0 1 
___________ END ______________
Matrix: 16 

1 0 1 1 0 
0 0 1 0 0 
0 1 1 0 0 
1 0 1 1 0 
1 1 0 1 1 
0 1 0 1 0 
1 0 1 0 0 
0 1 1 0 0 
1 0 1 0 1 
1 1 1 0 1 
0 0 1 1 0 
0 1 1 1 1 
0 0 0 1 0 
___________ END ______________
Matrix: 17 

0 0 1 1 1 
0 0 0 0 0 
0 0 1 1 0 
1 1 0 0 1 
0 1 1 1 1 
0 0 0 1 0 
1 1 0 0 0 
0 0 1 0 1 
0 1 1 1 0 
0 0 1 0 1 
0 1 0 1 0 
0 1 1 1 0 
1 1 0 1 0 
___________ END ______________
Matrix: 18 

0 1 1 0 0 
1 0 1 1 0 
1 0 1 1 0 
1 1 0 1 0 
1 0 0 0 0 
0 0 0 1 0 
0 0 1 1 1 
1 0 1 0 0 
0 0 0 1 1 
1 1 0 1 0 
1 1 0 0 1 
0 1 0 1 1 
0 1 1 1 0 
___________ END ______________
Matrix: 19 

0 0 1 0 0 
1 0 1 0 0 
1 1 1 1 0 
1 0 1 1 1 
0 1 0 0 1 
1 1 1 0 0 
1 0 1 0 1 
1 0 0 0 0 
0 0 1 1 1 
0 0 0 0 0 
0 0 0 1 1 
1 0 1 1 0 
0 1 0 1 0 
Index: [0, 1, 2, 3, 4]
Rows: 

0 0 1 0 0 
1 0 1 0 0 
1 1 1 1 0 
1 0 1 1 1 
0 1 0 0 1 
1 1 1 0 0 
1 0 1 0 1 
1 0 0 0 0 
0 0 1 1 1 
0 0 0 0 0 
0 0 0 1 1 
1 0 1 1 0 
0 1 0 1 0 
-----------------------------------------------
___________ END ______________
Matrix: 20 

1 0 1 0 1 
1 1 0 1 1 
1 0 1 1 0 
1 0 1 1 1 
0 1 1 0 1 
1 1 1 1 1 
1 0 1 1 1 
0 1 1 1 0 
1 1 0 0 1 
0 0 1 1 1 
0 1 1 1 1 
0 0 0 0 0 
1 1 1 0 0 
___________ END ______________
Matrix: 21 

0 0 0 0 0 
1 0 0 0 1 
0 1 1 0 0 
0 0 0 1 0 
1 1 0 1 0 
1 0 1 0 1 
0 0 1 0 0 
0 1 1 1 0 
0 0 1 1 0 
1 0 0 1 1 
0 0 0 0 0 
1 0 0 1 1 
1 1 0 0 0 
___________ END ______________
Matrix: 22 

1 0 0 0 1 
1 0 0 0 0 
0 1 1 1 0 
1 0 1 1 1 
0 0 1 1 0 
1 1 0 1 1 
0 0 1 1 0 
0 1 0 0 0 
0 1 1 0 0 
1 1 0 1 0 
0 0 0 1 0 
1 0 1 0 1 
1 0 1 0 0 
___________ END ______________
Matrix: 23 

0 0 1 0 0 
0 0 0 1 1 
0 0 0 1 1 
1 0 1 1 0 
0 0 0 0 1 
0 1 0 0 0 
1 1 1 1 1 
0 1 0 1 0 
0 1 0 1 0 
0 1 1 0 1 
0 0 1 1 0 
0 1 0 1 1 
0 1 0 0 1 
___________ END ______________
Matrix: 24 

0 1 1 1 1 
1 0 1 0 1 
1 1 0 0 0 
1 0 1 0 1 
0 0 1 1 0 
1 0 1 0 1 
0 1 1 0 1 
0 0 1 1 0 
1 0 1 1 1 
1 1 0 1 0 
1 1 1 1 0 
1 0 1 0 0 
0 0 0 1 0 
___________ END ______________
Matrix: 25 

0 0 1 1 1 
1 0 1 0 1 
0 0 0 1 0 
1 1 0 1 0 
1 1 0 1 1 
0 0 1 1 1 
0 1 1 0 0 
1 0 1 1 1 
0 1 0 1 1 
1 0 1 1 1 
1 1 1 1 1 
0 0 0 0 1 
0 1 1 1 1 
___________ END ______________
Matrix: 26 

0 1 0 0 1 
0 1 1 1 0 
1 0 0 0 1 
0 1 1 1 0 
1 1 1 1 1 
0 0 1 0 1 
1 1 0 0 1 
1 0 0 0 0 
0 0 1 0 1 
1 1 1 1 1 
1 0 1 1 0 
1 1 1 0 1 
0 0 0 1 0 
___________ END ______________
Matrix: 27 

0 1 0 0 1 
0 1 1 0 0 
0 0 0 1 0 
1 1 1 1 1 
1 0 1 1 1 
1 1 0 1 0 
0 0 1 0 1 
0 0 1 0 1 
1 1 0 0 0 
0 0 1 0 1 
0 1 1 0 1 
1 1 1 0 1 
0 1 1 0 0 
___________ END ______________
Matrix: 28 

0 0 0 0 1 
1 0 1 1 0 
0 1 1 1 0 
1 0 0 0 0 
1 1 1 0 0 
1 0 1 0 0 
1 1 1 1 1 
1 1 0 1 1 
1 0 0 0 0 
0 1 1 1 1 
0 1 1 0 0 
0 1 1 1 0 
0 1 0 0 1 
___________ END ______________
Matrix: 29 

0 0 1 1 1 
0 1 0 1 0 
0 0 1 0 1 
0 0 1 1 1 
0 0 1 0 1 
1 1 0 0 0 
1 1 1 0 1 
0 1 0 1 0 
1 0 0 0 1 
1 0 1 0 1 
1 1 0 1 1 
1 0 1 0 1 
0 0 1 1 0 
___________ END ______________
Matrix: 30 

1 0 0 0 1 
1 0 1 1 1 
1 0 0 1 1 
0 1 1 0 0 
0 1 1 0 0 
1 0 1 0 0 
1 0 1 0 0 
0 1 0 0 1 
1 0 1 1 1 
0 1 1 0 0 
0 1 0 1 1 
1 0 1 0 1 
1 1 0 1 1 
___________ END ______________
Matrix: 31 

1 0 1 1 0 
0 1 0 1 0 
1 1 1 1 1 
1 0 0 1 1 
1 0 1 1 0 
1 1 1 0 0 
1 0 0 1 1 
1 0 1 1 1 
0 1 1 0 1 
0 1 1 1 1 
1 1 0 0 1 
0 1 1 0 1 
0 1 1 1 0 
___________ END ______________
Matrix: 32 

0 0 0 0 0 
0 0 1 0 1 
1 0 1 1 0 
0 1 0 1 1 
1 0 1 1 1 
0 1 1 1 1 
1 0 0 0 1 
1 0 0 0 0 
1 1 0 1 1 
1 0 1 0 1 
0 1 0 0 1 
1 1 0 0 0 
1 0 1 1 0 
___________ END ______________
Matrix: 33 

0 0 1 1 0 
0 1 1 1 0 
0 1 0 0 0 
1 0 1 1 1 
1 1 1 0 1 
1 0 1 0 1 
1 0 1 1 0 
1 1 0 0 0 
0 1 1 1 0 
0 0 1 0 1 
0 0 1 0 0 
0 0 1 0 0 
0 0 0 0 1 
___________ END ______________
Matrix: 34 

0 1 0 1 1 
0 0 0 0 0 
0 0 0 0 0 
0 1 0 0 0 
1 0 0 0 0 
1 1 0 1 1 
0 1 0 0 1 
0 1 0 1 0 
1 1 1 1 0 
0 0 1 0 1 
1 0 0 1 0 
1 0 1 0 1 
1 1 0 0 0 
___________ END ______________
Matrix: 35 

0 0 0 1 1 
1 0 1 1 0 
1 1 1 1 1 
0 0 1 1 0 
0 1 1 0 0 
0 0 0 1 0 
0 1 0 0 1 
1 0 1 1 1 
1 0 1 0 1 
1 1 1 1 0 
0 1 1 0 1 
1 0 0 0 0 
1 0 1 1 0 
___________ END ______________
Matrix: 36 

0 0 0 1 1 
1 0 1 1 0 
1 0 1 0 1 
0 0 1 1 0 
1 0 1 0 0 
0 1 0 0 0 
0 1 1 1 0 
1 1 1 1 1 
1 1 0 1 1 
1 0 1 1 0 
1 0 0 1 1 
0 1 1 1 0 
0 0 0 0 1 
___________ END ______________
Matrix: 37 

0 0 0 1 0 
0 1 1 1 1 
1 0 1 1 1 
0 0 1 0 0 
0 1 1 1 0 
1 1 1 0 1 
1 1 1 0 1 
1 0 1 1 0 
0 1 0 0 0 
1 1 0 1 0 
0 1 1 0 0 
0 0 1 0 0 
1 1 0 1 1 
___________ END ______________
Matrix: 38 

0 0 1 0 0 
0 0 0 0 1 
1 1 0 1 1 
0 0 1 1 1 
1 1 0 0 1 
0 0 0 1 1 
1 1 1 1 1 
0 0 0 1 1 
0 0 0 1 1 
0 0 1 0 0 
1 0 1 1 0 
0 1 1 1 0 
1 0 0 1 1 
___________ END ______________
Matrix: 39 

1 0 1 0 1 
1 1 0 1 0 
0 0 0 1 1 
0 1 1 1 1 
0 1 1 0 0 
0 0 1 1 1 
0 0 0 0 1 
1 0 1 1 0 
0 1 0 1 1 
0 0 0 1 0 
1 1 1 1 1 
0 1 0 1 1 
1 1 0 0 1 
___________ END ______________
Matrix: 40 

0 0 1 1 0 
0 1 1 1 1 
0 1 0 1 1 
1 0 0 1 1 
0 1 1 1 0 
0 0 0 0 1 
0 1 0 1 0 
0 1 1 1 1 
1 1 0 0 0 
0 1 0 1 0 
0 0 0 1 0 
0 0 1 0 1 
1 1 0 0 0 
___________ END ______________
Matrix: 41 

1 1 1 1 0 
0 0 1 1 0 
0 0 1 1 0 
1 0 1 1 0 
0 0 0 0 0 
1 0 1 0 0 
0 0 0 0 1 
0 1 1 1 1 
0 1 0 0 1 
1 0 0 0 0 
0 1 0 0 0 
0 1 1 0 1 
1 1 0 1 1 
___________ END ______________
Matrix: 42 

1 1 1 0 0 
0 0 1 1 1 
1 1 0 0 1 
1 1 1 0 1 
0 0 0 1 0 
0 0 1 0 1 
0 0 1 1 0 
0 0 0 1 0 
1 0 0 0 1 
1 0 0 1 1 
1 1 1 1 1 
1 1 0 0 0 
0 0 0 0 1 
___________ END ______________
Matrix: 43 

1 0 1 0 0 
0 0 1 0 1 
0 1 0 1 0 
0 1 0 1 0 
0 0 1 0 1 
1 1 0 1 1 
1 0 0 0 0 
1 0 1 1 0 
0 1 1 0 1 
0 0 1 0 0 
0 1 1 1 1 
0 0 1 1 0 
0 1 0 1 0 
___________ END ______________
Matrix: 44 

0 0 0 1 0 
0 0 0 1 1 
0 1 0 0 1 
1 1 0 0 1 
1 1 1 1 0 
0 1 0 0 1 
0 0 0 0 1 
0 1 1 1 1 
0 0 1 0 1 
0 1 0 1 1 
0 0 0 0 1 
1 1 0 1 1 
0 1 0 1 0 
___________ END ______________
Matrix: 45 

0 1 1 0 1 
0 0 0 0 0 
1 1 1 0 1 
0 0 0 1 1 
0 1 0 1 0 
0 1 1 0 0 
1 1 0 0 1 
0 1 1 1 0 
1 0 1 0 0 
0 1 1 1 1 
0 1 1 0 0 
1 1 1 0 0 
1 1 0 1 1 
___________ END ______________
Matrix: 46 

1 1 0 1 1 
1 0 1 1 1 
0 1 1 0 1 
0 0 0 1 0 
1 1 0 1 0 
1 1 1 0 1 
0 0 0 1 0 
0 1 1 0 1 
1 1 1 1 0 
1 0 0 0 0 
0 0 0 0 1 
0 1 0 0 0 
1 1 1 0 0 
___________ END ______________
Matrix: 47 

1 1 0 0 0 
1 1 1 0 1 
0 0 0 0 1 
0 1 0 1 0 
1 1 1 1 0 
0 0 1 1 0 
0 0 1 0 0 
0 0 1 1 0 
0 1 0 0 0 
1 1 1 1 0 
1 1 1 0 1 
1 0 1 1 1 
1 1 0 0 1 
___________ END ______________
Matrix: 48 

0 0 1 0 1 
0 0 1 0 1 
0 0 0 1 0 
1 0 1 0 0 
0 1 0 1 0 
0 0 1 1 1 
1 1 1 1 0 
1 0 0 0 0 
0 0 1 1 1 
0 1 0 1 1 
0 1 1 1 0 
0 0 0 0 1 
0 0 1 0 1 
___________ END ______________
Matrix: 49 

1 1 1 1 0 
1 0 0 0 1 
1 1 1 0 0 
1 0 1 0 0 
0 1 1 0 0 
0 1 1 1 1 
1 1 0 0 0 
0 1 0 1 0 
1 1 1 1 0 
1 1 1 0 1 
1 1 1 1 1 
0 0 0 0 1 
0 1 0 0 0 
___________ END ______________
Matrix: 50 

1 1 0 0 0 
1 0 1 0 1 
0 1 1 1 0 
0 1 0 1 1 
0 0 0 1 1 
1 1 1 1 1 
1 0 0 0 1 
0 0 0 0 0 
1 0 1 0 1 
0 0 1 1 1 
0 1 0 0 1 
1 0 0 1 1 
1 1 0 1 0 
___________ END ______________
Matrix: 51 

1 1 0 1 1 
0 0 1 0 1 
1 0 1 0 0 
1 0 1 1 0 
1 1 1 0 0 
1 1 1 0 1 
1 0 0 0 0 
0 1 1 0 1 
1 0 1 0 0 
0 1 0 0 1 
0 1 0 0 0 
0 0 1 1 0 
1 1 1 0 1 
___________ END ______________
Matrix: 52 

1 0 1 1 0 
1 0 1 1 0 
1 0 0 1 1 
1 1 1 1 1 
0 0 1 1 1 
1 0 0 1 1 
1 0 0 0 1 
0 0 0 0 0 
0 0 0 0 1 
0 0 0 1 0 
1 0 0 0 1 
1 0 0 0 0 
1 0 0 0 1 
___________ END ______________
Matrix: 53 

1 1 1 1 1 
0 1 0 1 1 
0 1 1 1 0 
0 1 0 0 0 
0 1 0 0 1 
0 1 1 0 0 
1 0 0 1 1 
1 1 0 0 0 
1 1 0 0 0 
0 1 0 1 1 
0 1 0 1 1 
0 0 0 1 1 
0 1 0 1 0 
___________ END ______________
Matrix: 54 

0 1 1 0 0 
1 0 1 0 1 
1 1 1 0 0 
1 1 0 1 0 
1 1 0 0 1 
0 0 0 0 0 
0 1 1 0 0 
0 0 1 0 0 
0 0 0 1 1 
1 0 1 1 0 
1 1 1 1 1 
0 0 1 1 0 
0 0 1 1 1 
___________ END ______________
Matrix: 55 

0 1 1 0 0 
0 1 0 1 1 
1 0 0 0 1 
1 1 1 0 0 
0 1 0 0 0 
1 0 0 1 0 
1 0 1 0 0 
0 1 0 0 0 
0 0 0 1 1 
1 1 1 0 0 
0 1 0 1 1 
1 1 1 1 0 
0 1 1 0 0 
___________ END ______________
Matrix: 56 

0 1 0 0 0 
0 0 0 0 1 
1 0 1 0 1 
1 0 0 1 1 
0 0 1 1 1 
0 0 1 0 1 
0 0 1 0 0 
1 0 1 1 1 
0 0 1 0 1 
0 0 1 1 0 
0 0 0 0 1 
1 1 0 0 1 
0 1 0 1 1 
___________ END ______________
Matrix: 57 

0 1 0 0 0 
1 1 1 1 0 
1 1 0 1 0 
0 0 1 1 0 
1 0 1 1 0 
0 1 1 1 0 
1 0 0 0 0 
0 0 1 0 0 
0 1 1 1 0 
0 1 0 0 1 
1 0 1 1 1 
1 1 1 0 1 
1 0 1 1 1 
___________ END ______________
Matrix: 58 

1 1 1 1 0 
1 0 0 1 0 
0 0 0 1 0 
0 1 0 0 1 
1 0 0 0 0 
0 1 0 0 1 
1 0 0 1 1 
0 1 1 1 1 
0 1 1 0 1 
0 0 1 1 1 
1 0 0 0 1 
0 0 0 1 0 
1 1 0 1 0 
___________ END ______________
Matrix: 59 

0 0 0 1 1 
0 1 0 1 0 
1 0 1 1 0 
1 1 1 0 0 
1 1 0 1 1 
1 1 1 1 1 
1 1 1 0 1 
0 1 1 1 1 
0 1 1 0 0 
1 0 0 0 1 
1 0 0 0 0 
0 1 1 0 1 
1 0 1 0 0 
Index: [0, 1, 2, 3, 4]
Rows: 

0 0 0 1 1 
0 1 0 1 0 
1 0 1 1 0 
1 1 1 0 0 
1 1 0 1 1 
1 1 1 1 1 
1 1 1 0 1 
0 1 1 1 1 
0 1 1 0 0 
1 0 0 0 1 
1 0 0 0 0 
0 1 1 0 1 
1 0 1 0 0 
-----------------------------------------------
___________ END ______________
Matrix: 60 

0 0 0 1 0 
1 1 1 0 0 
1 1 1 1 1 
1 0 0 0 0 
0 0 0 0 1 
1 1 1 1 1 
1 1 0 1 1 
0 1 1 1 0 
1 0 0 0 0 
0 0 0 0 0 
1 0 0 1 0 
1 0 0 0 0 
0 1 0 1 1 
___________ END ______________
Matrix: 61 

0 0 1 1 0 
0 0 1 0 0 
0 1 0 0 0 
0 1 1 1 1 
0 1 0 0 1 
1 1 0 0 0 
1 0 1 1 1 
1 0 1 1 1 
1 1 0 1 0 
1 1 1 1 0 
0 1 0 1 0 
0 1 1 0 1 
0 1 1 1 1 
___________ END ______________
Matrix: 62 

1 1 1 0 1 
0 1 1 0 0 
0 0 0 0 1 
1 0 1 0 0 
0 0 0 0 0 
1 0 0 0 0 
0 0 1 1 0 
1 0 0 1 0 
0 1 0 1 1 
0 0 1 0 0 
0 0 0 1 1 
0 1 1 0 0 
1 0 1 0 1 
___________ END ______________
Matrix: 63 

0 0 0 0 0 
1 0 0 1 1 
1 1 0 0 1 
0 1 0 0 1 
0 0 1 0 0 
1 0 1 0 1 
1 1 0 0 1 
0 0 1 1 1 
1 0 0 1 0 
1 1 1 1 0 
1 0 0 1 1 
1 0 1 0 1 
1 1 1 0 0 
___________ END ______________
Matrix: 64 

1 1 0 0 0 
0 0 1 0 1 
1 0 0 1 1 
1 0 0 0 1 
0 0 1 1 1 
1 1 0 1 1 
0 1 1 1 1 
0 0 0 0 0 
0 1 1 0 1 
0 1 0 0 1 
1 0 1 1 0 
0 1 1 0 0 
0 1 0 0 0 
Index: [0, 1, 2, 3, 4]
Rows: 

1 1 0 0 0 
0 0 1 0 1 
1 0 0 1 1 
1 0 0 0 1 
0 0 1 1 1 
1 1 0 1 1 
0 1 1 1 1 
0 0 0 0 0 
0 1 1 0 1 
0 1 0 0 1 
1 0 1 1 0 
0 1 1 0 0 
0 1 0 0 0 
-----------------------------------------------
___________ END ______________
Matrix: 65 

0 1 1 0 1 
1 1 1 1 0 
1 0 1 0 1 
1 0 1 1 1 
0 1 0 0 1 
1 0 1 0 0 
0 1 1 1 0 
1 0 1 1 1 
1 1 0 0 1 
1 1 0 0 0 
0 0 0 0 0 
0 0 0 0 1 
0 1 1 1 0 
___________ END ______________
Matrix: 66 

1 1 0 1 0 
0 1 1 1 1 
1 1 0 0 1 
0 1 1 0 1 
1 1 1 1 1 
1 0 1 1 1 
1 1 1 1 1 
0 1 0 1 0 
0 1 1 1 1 
1 1 1 0 0 
1 0 1 0 1 
1 1 0 1 1 
1 0 1 0 1 
___________ END ______________
Matrix: 67 

0 0 0 0 0 
1 1 1 0 1 
1 1 1 0 1 
0 1 0 1 1 
0 0 0 1 1 
0 0 1 0 0 
0 0 0 0 0 
1 0 0 0 0 
0 0 1 0 0 
1 0 0 0 0 
1 0 0 0 1 
1 1 1 1 1 
1 1 1 0 0 
___________ END ______________
Matrix: 68 

1 1 0 0 0 
0 0 0 0 1 
1 1 0 1 1 
1 1 1 1 1 
0 1 0 0 0 
0 1 0 0 1 
1 0 1 0 1 
0 1 0 1 1 
0 0 1 1 0 
1 1 0 0 1 
1 1 0 0 0 
1 1 1 0 1 
1 1 1 0 1 
___________ END ______________
Matrix: 69 

0 0 1 0 1 
0 1 1 0 0 
0 0 1 0 1 
0 1 1 1 1 
0 1 0 0 1 
1 0 0 0 1 
0 1 1 0 1 
0 0 1 0 0 
0 0 0 0 1 
1 0 0 1 1 
1 0 0 1 1 
0 1 0 1 0 
1 0 1 0 1 
___________ END ______________
Matrix: 70 

0 1 1 1 0 
1 1 1 1 1 
1 1 0 0 0 
0 0 0 1 1 
0 1 0 0 1 
0 1 1 1 1 
1 0 0 1 1 
1 0 0 0 1 
0 0 1 1 0 
0 0 1 0 0 
0 0 0 0 1 
1 1 1 1 1 
1 1 0 1 0 
___________ END ______________
Matrix: 71 

0 0 1 0 0 
1 0 1 0 0 
1 1 1 0 0 
0 1 0 0 1 
0 1 0 0 0 
1 0 0 0 1 
1 0 1 1 0 
1 0 1 0 0 
1 1 1 1 1 
0 0 0 0 0 
1 1 0 1 1 
1 0 1 0 0 
1 0 0 0 1 
___________ END ______________
Matrix: 72 

0 0 1 1 1 
1 0 1 0 0 
0 1 0 1 1 
1 0 0 0 0 
1 0 1 0 0 
0 0 1 0 1 
0 1 1 1 1 
0 1 0 0 1 
0 0 0 1 1 
1 1 1 0 0 
0 0 0 0 0 
1 0 0 0 1 
0 1 1 1 1 
___________ END ______________
Matrix: 73 

1 1 1 1 0 
0 0 1 0 0 
1 0 1 0 1 
1 0 1 1 1 
1 0 1 1 1 
1 1 1 1 1 
1 0 0 1 0 
1 1 0 1 1 
1 0 1 0 0 
0 0 0 0 1 
1 0 1 0 0 
0 0 0 1 1 
1 0 0 1 0 
___________ END ______________
Matrix: 74 

1 0 0 1 1 
1 1 0 0 0 
1 1 0 0 1 
1 1 0 0 1 
1 0 0 0 0 
1 1 1 1 0 
1 1 1 1 1 
0 1 0 0 1 
0 1 1 1 0 
0 0 1 1 0 
0 0 0 0 0 
1 0 1 1 0 
1 1 1 0 1 
___________ END ______________
Matrix: 75 

1 1 0 0 1 
0 0 1 0 0 
0 1 0 0 0 
1 1 0 0 0 
1 0 0 1 0 
0 0 0 0 1 
0 0 1 1 0 
0 1 1 1 1 
0 1 1 0 0 
1 0 0 0 0 
1 1 0 1 1 
1 1 1 0 0 
1 1 0 0 1 
___________ END ______________
Matrix: 76 

1 1 0 1 0 
0 0 1 1 1 
1 1 1 0 1 
1 1 0 0 1 
1 1 1 0 1 
0 1 0 1 0 
1 1 1 0 0 
1 1 0 1 1 
1 1 0 1 0 
0 1 1 0 0 
1 1 1 0 0 
0 0 0 1 1 
0 0 1 0 0 
___________ END ______________
Matrix: 77 

0 0 0 0 0 
1 0 1 1 0 
1 1 1 0 1 
1 1 0 1 0 
0 0 1 0 1 
1 1 1 0 0 
0 0 0 0 1 
0 1 1 0 1 
0 0 0 1 0 
1 1 0 0 1 
1 1 0 1 1 
0 0 0 1 1 
1 0 1 0 0 
Index: [0, 1, 2, 3, 4]
Rows: 

0 0 0 0 0 
1 0 1 1 0 
1 1 1 0 1 
1 1 0 1 0 
0 0 1 0 1 
1 1 1 0 0 
0 0 0 0 1 
0 1 1 0 1 
0 0 0 1 0 
1 1 0 0 1 
1 1 0 1 1 
0 0 0 1 1 
1 0 1 0 0 
-----------------------------------------------
___________ END ______________
Matrix: 78 

0 0 0 1 1 
0 1 0 1 0 
0 0 0 0 1 
0 0 1 1 1 
0 1 0 0 0 
0 1 1 0 1 
1 0 0 0 1 
1 1 1 0 1 
0 1 1 0 1 
0 1 0 0 1 
0 0 1 0 1 
0 1 1 0 1 
1 0 0 0 1 
___________ END ______________
Matrix: 79 

0 1 1 0 1 
0 0 0 0 0 
0 0 1 0 1 
0 0 1 1 0 
1 1 0 0 1 
1 1 1 1 0 
0 1 1 1 1 
1 0 0 1 1 
1 1 0 0 0 
0 1 0 1 1 
0 1 1 1 0 
1 1 0 1 0 
0 0 0 0 0 
___________ END ______________
Matrix: 80 

0 0 0 1 1 
0 0 1 0 0 
1 1 0 0 0 
0 1 0 0 1 
1 0 0 0 1 
0 0 0 1 1 
0 0 1 1 1 
0 1 1 1 0 
0 1 0 1 1 
0 1 0 0 0 
1 1 1 1 1 
1 0 1 0 1 
0 0 1 1 1 
___________ END ______________
Matrix: 81 

0 0 1 0 0 
1 0 1 1 1 
1 1 1 1 1 
0 0 1 1 1 
1 0 1 1 0 
1 0 0 1 0 
1 0 0 1 0 
1 1 0 0 1 
1 0 1 1 0 
1 1 0 1 1 
1 0 0 0 1 
1 0 1 0 0 
1 0 1 1 1 
___________ END ______________
Matrix: 82 

1 1 0 0 0 
0 1 0 1 1 
1 0 1 0 0 
0 0 0 1 0 
1 0 0 1 0 
1 1 1 0 1 
0 1 0 1 0 
1 1 1 0 1 
0 1 0 0 1 
0 1 1 0 0 
1 0 1 0 0 
1 1 1 1 1 
1 0 0 1 1 
___________ END ______________
Matrix: 83 

0 1 1 0 1 
1 1 1 1 0 
1 0 1 1 1 
1 0 0 1 1 
0 0 0 1 1 
1 1 1 1 1 
0 0 1 0 1 
1 0 1 0 1 
1 0 0 1 1 
1 1 1 0 0 
0 0 0 1 0 
0 1 0 0 0 
0 0 0 1 0 
___________ END ______________
Matrix: 84 

0 0 0 0 0 
0 1 0 0 0 
1 0 1 1 1 
1 1 0 0 0 
1 1 1 0 0 
1 1 0 0 1 
0 1 1 0 1 
0 1 1 1 1 
0 1 1 1 1 
1 1 0 1 1 
1 0 1 0 1 
1 0 1 0 1 
0 0 1 0 1 
___________ END ______________
Matrix: 85 

1 0 1 1 1 
0 0 1 1 0 
0 0 0 0 1 
0 1 0 0 1 
1 0 1 0 0 
1 1 1 0 0 
1 0 0 0 0 
0 0 1 1 1 
1 0 0 0 1 
1 1 0 1 0 
0 0 0 0 0 
1 0 1 0 0 
0 0 1 1 0 
___________ END ______________
Matrix: 86 

0 0 0 1 0 
1 0 0 0 0 
0 1 1 0 1 
0 0 0 0 0 
1 1 1 0 1 
0 1 0 0 0 
0 0 0 0 1 
0 0 0 1 0 
0 0 1 1 1 
0 1 1 0 0 
0 0 1 1 1 
0 1 1 1 1 
1 0 0 0 1 
___________ END ______________
Matrix: 87 

0 0 0 0 1 
1 0 1 0 1 
0 0 1 1 1 
1 0 0 1 0 
1 1 0 1 0 
0 0 1 1 1 
0 0 0 0 1 
0 1 0 1 0 
1 0 0 0 0 
0 0 1 0 1 
0 0 0 0 1 
0 0 1 1 0 
1 1 0 0 1 
___________ END ______________
Matrix: 88 

1 0 0 1 1 
0 0 1 0 0 
1 1 1 0 1 
0 1 0 1 1 
1 1 0 1 1 
0 0 1 1 1 
1 0 0 0 0 
1 1 1 0 0 
0 0 1 0 1 
0 1 0 1 0 
0 1 1 0 0 
1 0 0 0 0 
0 1 0 0 0 
___________ END ______________
Matrix: 89 

1 1 0 1 1 
1 0 0 1 1 
0 1 0 1 1 
1 1 0 0 0 
0 0 0 1 0 
1 0 1 0 0 
1 0 0 1 1 
0 1 1 1 1 
1 1 0 1 0 
0 1 0 1 1 
1 0 1 1 0 
1 0 1 1 1 
0 0 0 0 1 
___________ END ______________
Matrix: 90 

1 1 1 0 1 
0 0 1 1 0 
0 1 0 0 1 
1 1 1 1 0 
0 1 1 1 0 
0 0 1 1 1 
0 0 0 0 0 
1 0 1 0 0 
0 1 1 1 1 
1 0 0 1 1 
1 1 0 0 0 
0 0 0 0 0 
1 1 0 0 0 
___________ END ______________
Matrix: 91 

0 1 1 1 1 
1 1 0 0 0 
0 0 0 1 1 
1 1 0 0 1 
0 1 1 1 0 
0 1 1 1 0 
1 0 1 0 1 
0 0 1 1 1 
1 0 0 0 0 
0 0 1 0 1 
0 1 0 1 1 
0 1 0 1 1 
1 1 1 1 0 
___________ END ______________
Matrix: 92 

1 1 0 1 1 
1 1 0 1 0 
0 1 0 0 0 
1 1 0 0 1 
1 0 0 0 1 
0 1 1 0 1 
1 0 1 1 0 
1 0 1 1 0 
0 0 0 1 1 
0 1 1 0 1 
0 0 0 0 1 
0 0 0 1 1 
0 1 0 1 1 
___________ END ______________
Matrix: 93 

0 0 0 0 0 
1 0 1 1 1 
0 0 1 1 1 
0 1 1 1 0 
0 1 0 1 1 
0 0 0 1 1 
1 0 0 1 1 
1 0 0 0 1 
0 0 0 0 0 
1 0 0 1 0 
1 0 1 0 0 
1 0 1 0 1 
0 1 1 1 0 
___________ END ______________
Matrix: 94 

1 0 0 1 0 
0 0 1 1 0 
1 0 1 0 0 
1 0 1 0 1 
1 1 1 0 1 
1 1 0 1 1 
1 0 1 0 1 
0 1 1 1 0 
1 0 0 1 0 
1 1 1 1 1 
0 0 0 0 1 
1 1 0 1 0 
0 0 1 1 1 
___________ END ______________
Matrix: 95 

1 1 0 1 1 
1 1 1 1 1 
0 1 1 0 1 
0 1 1 0 1 
0 0 1 1 0 
1 0 1 1 0 
1 1 0 1 0 
1 0 1 0 0 
0 1 0 0 0 
0 1 0 0 1 
1 0 1 1 1 
0 0 0 0 1 
1 0 1 0 1 
___________ END ______________
Matrix: 96 

0 1 1 1 1 
1 0 1 0 0 
0 0 0 0 0 
0 0 1 1 1 
1 1 0 1 0 
1 0 0 1 1 
1 1 0 1 0 
0 0 0 1 0 
0 0 1 1 0 
0 0 1 0 0 
0 1 1 0 0 
0 1 0 1 1 
0 0 0 0 0 
___________ END ______________
Matrix: 97 

0 0 1 1 1 
1 0 0 1 0 
0 1 0 1 1 
0 1 0 0 1 
1 0 1 0 1 
0 0 1 1 1 
0 1 0 1 1 
0 0 1 1 1 
0 1 0 0 0 
0 0 1 1 0 
0 1 0 1 0 
1 1 0 1 1 
0 0 0 0 1 
___________ END ______________
Matrix: 98 

1 0 0 1 0 
0 1 1 0 0 
0 1 1 1 0 
1 0 0 0 1 
0 0 0 0 0 
1 1 1 1 0 
1 1 0 0 0 
1 1 0 1 0 
1 1 1 1 1 
1 1 1 0 0 
1 0 1 1 1 
0 0 0 0 0 
1 0 1 1 0 
___________ END ______________
Matrix: 99 

0 1 1 1 1 
1 0 0 1 0 
1 1 0 1 1 
1 0 0 0 1 
1 0 1 1 0 
0 1 0 1 0 
0 1 0 0 0 
0 0 1 0 0 
1 1 0 0 0 
1 0 0 1 0 
0 1 0 1 1 
1 0 0 0 0 
1 1 0 0 0 
___________ END ______________
