Matrix: 0 

1 1 1 1 0 0 
0 1 1 1 0 1 
1 1 0 1 1 1 
1 1 0 1 1 0 
1 1 1 0 1 0 
1 0 1 1 0 0 
Index: [1, 2, 3, 5]
Rows: 

1 1 1 0 
1 1 1 1 
1 0 1 1 
1 0 1 0 
1 1 0 0 
0 1 1 0 
-----------------------------------------------
Index: [1, 2, 4, 5]
Rows: 

1 1 0 0 
1 1 0 1 
1 0 1 1 
1 0 1 0 
1 1 1 0 
0 1 0 0 
-----------------------------------------------
Index: [1, 3, 4, 5]
Rows: 

1 1 0 0 
1 1 0 1 
1 1 1 1 
1 1 1 0 
1 0 1 0 
0 1 0 0 
-----------------------------------------------
___________ END ______________
